1.0	0.301587301587	0.469387755102	0.417543859649	0.397379912664	0.394927536232	0.308016877637	0.451612903226	0.654618473896	0.50390625	0.590909090909	0.649606299213	0.638888888889	0.7421875	0.307359307359	0.395652173913	0.526119402985	0.739130434783	0.627192982456	0.676855895197	0.642335766423	0.68	0.554621848739	0.653543307087	0.507874015748	0.536496350365	0.547945205479	0.518218623482	0.65991902834	0.619926199262	0.575630252101	0.204255319149	0.698039215686	0.482300884956	0.47520661157	0.701612903226	0.599118942731	0.554621848739	0.676470588235	0.707692307692	0.400735294118	0.399224806202	0.267543859649	0.25702811245	0.602888086643	0.484496124031	0.382470119522	0.682926829268	0.516483516484	0.549407114625	0.537593984962	0.516260162602	0.58606557377	0.112107623318	0.399209486166	0.487704918033	0.337398373984	0.562753036437	0.174887892377	0.355371900826	0.35775862069	0.366379310345	0.553359683794	0.743902439024	0.208	0.538812785388	0.509433962264	0.621848739496	0.308016877637	0.445512820513	0.358974358974	0.416666666667	0.236734693878	0.587755102041	0.529661016949	0.328244274809	0.645614035088	0.515748031496	0.565957446809	0.364	0.621399176955	0.614545454545	0.00980392156863	0.26872246696	0.389090909091	0.562015503876	0.186363636364	0.867841409692	0.360824742268	0.374429223744	0.577689243028	0.53164556962	0.396761133603	0.299212598425	0.361445783133	0.534693877551	0.724696356275	0.393305439331	0.492366412214	0.403162055336	0.516666666667	0.494505494505	0.308333333333	0.551282051282	0.559670781893	0.384937238494	0.361607142857	0.784232365145	0.484615384615	0.518939393939	0.503937007874	0.4	0.385214007782	0.727272727273	0.712446351931	0.551330798479	0.552	0.705128205128	0.846153846154	0.508064516129	0.527896995708	0.558333333333	0.535269709544	0.546125461255	0.716101694915	0.418410041841	0.575221238938	0.516129032258	0.205882352941	0.475285171103	0.594017094017	0.560538116592	0.446043165468	0.52422907489	0.49387755102	
0.301587301587	1.0	0.302325581395	0.275590551181	0.509433962264	0.596858638743	0.56462585034	0.31455399061	0.31746031746	0.244897959184	0.281512605042	0.255555555556	0.295719844358	0.321299638989	0.378881987578	0.51572327044	0.27519379845	0.30081300813	0.265217391304	0.299145299145	0.335740072202	0.333333333333	0.260869565217	0.354581673307	0.383561643836	0.353174603175	0.221698113208	0.299559471366	0.299212598425	0.300724637681	0.365740740741	0.481751824818	0.256227758007	0.356382978723	0.357843137255	0.325581395349	0.298165137615	0.266375545852	0.301038062284	0.314079422383	0.505	0.478947368421	0.348387096774	0.474683544304	0.410852713178	0.283898305085	0.315270935961	0.330677290837	0.352226720648	0.214007782101	0.265384615385	0.457711442786	0.284518828452	0.3125	0.397959183673	0.263392857143	0.422857142857	0.259259259259	0.410852713178	0.21568627451	0.382352941176	0.309392265193	0.337606837607	0.316981132075	0.574468085106	0.285	0.24513618677	0.269709543568	0.40243902439	0.35401459854	0.259259259259	0.520467836257	0.651851851852	0.221343873518	0.306976744186	0.448648648649	0.314189189189	0.255144032922	0.215189873418	0.285714285714	0.460465116279	0.421875	0.008	0.368421052632	0.589473684211	0.351464435146	0.392307692308	0.307984790875	0.338983050847	0.323353293413	0.269076305221	0.328638497653	0.299019607843	0.984126984127	0.37037037037	0.248945147679	0.295880149813	0.367567567568	0.269387755102	0.328502415459	0.302752293578	0.360995850622	0.659574468085	0.292237442922	0.283261802575	0.410112359551	0.323529411765	0.315789473684	0.280334728033	0.25390625	0.237704918033	0.405940594059	0.491891891892	0.315175097276	0.340336134454	0.296442687747	0.406392694064	0.334728033473	0.353846153846	0.245762711864	0.277777777778	0.278260869565	0.271929824561	0.241758241758	0.359832635983	0.363157894737	0.352941176471	0.247272727273	0.210526315789	0.267489711934	0.225941422594	0.246511627907	0.393939393939	0.422459893048	0.294117647059	
0.469387755102	0.302325581395	1.0	0.745098039216	0.478260869565	0.434042553191	0.290640394089	0.659574468085	0.589519650655	0.57476635514	0.668316831683	0.410646387833	0.465863453815	0.436823104693	0.411111111111	0.483695652174	0.576419213974	0.585585585586	0.538095238095	0.570093457944	0.558139534884	0.470355731225	0.634517766497	0.556485355649	0.550925925926	0.480158730159	0.531578947368	0.659898477157	0.547008547009	0.533333333333	0.668367346939	0.243386243386	0.431226765799	0.576923076923	0.72625698324	0.57805907173	0.575	0.651282051282	0.505535055351	0.546875	0.348178137652	0.298755186722	0.268421052632	0.387434554974	0.53488372093	0.580188679245	0.510101010101	0.475806451613	0.663636363636	0.542600896861	0.626126126126	0.616915422886	0.653658536585	0.176470588235	0.610526315789	0.675531914894	0.357487922705	0.625	0.251461988304	0.407035175879	0.543352601156	0.287081339713	0.575342465753	0.561475409836	0.245098039216	0.66091954023	0.592760180995	0.557603686636	0.401069518717	0.444444444444	0.475409836066	0.505154639175	0.243902439024	0.542986425339	0.71978021978	0.382488479263	0.514388489209	0.604761904762	0.545893719807	0.356481481481	0.601851851852	0.53488372093	0.0128205128205	0.256544502618	0.42735042735	0.628440366972	0.260355029586	0.474509803922	0.513043478261	0.58125	0.68115942029	0.418918918919	0.622950819672	0.299539170507	0.616666666667	0.792349726776	0.459459459459	0.686390532544	0.68137254902	0.677595628415	0.805714285714	0.658986175115	0.4	0.72131147541	0.70618556701	0.360576923077	0.502923976608	0.521912350598	0.617224880383	0.641860465116	0.598086124402	0.392070484581	0.310638297872	0.516393442623	0.532751091703	0.614349775785	0.416666666667	0.481012658228	0.536	0.605911330049	0.621052631579	0.613861386139	0.618090452261	0.526748971193	0.463114754098	0.64406779661	0.446009389671	0.616379310345	0.335195530726	0.545454545455	0.593137254902	0.675977653631	0.439024390244	0.373271889401	0.827586206897	
0.417543859649	0.275590551181	0.745098039216	1.0	0.398230088496	0.395604395604	0.248979591837	0.554585152838	0.557251908397	0.561475409836	0.567901234568	0.482142857143	0.460714285714	0.439739413681	0.405660377358	0.402654867257	0.594488188976	0.494339622642	0.504098360656	0.496062992126	0.506756756757	0.429553264605	0.531380753138	0.480427046263	0.516	0.5	0.495535714286	0.55230125523	0.476363636364	0.515679442509	0.558823529412	0.197424892704	0.464163822526	0.471111111111	0.597285067873	0.503597122302	0.48347107438	0.584415584416	0.532203389831	0.486486486486	0.309027777778	0.270462633452	0.212765957447	0.320512820513	0.506849315068	0.579166666667	0.524444444444	0.428571428571	0.6015625	0.539682539683	0.528301886792	0.518518518519	0.569672131148	0.140186915888	0.5625	0.547413793103	0.305220883534	0.540322580645	0.205607476636	0.472727272727	0.433179723502	0.288065843621	0.490421455939	0.486013986014	0.216326530612	0.534562211982	0.505703422053	0.480620155039	0.336244541485	0.475247524752	0.383259911894	0.417721518987	0.220408163265	0.527777777778	0.59375	0.392712550607	0.490384615385	0.580912863071	0.516666666667	0.301158301158	0.511627906977	0.506849315068	0.01	0.213675213675	0.384615384615	0.540540540541	0.206572769953	0.448275862069	0.619834710744	0.455882352941	0.568	0.3861003861	0.557077625571	0.2734375	0.488888888889	0.631578947368	0.465277777778	0.559241706161	0.646808510638	0.610091743119	0.658986175115	0.596837944664	0.330472103004	0.581497797357	0.582278481013	0.379746835443	0.433333333333	0.48951048951	0.713004484305	0.633744855967	0.581589958159	0.400778210117	0.275362318841	0.457746478873	0.457564575646	0.596837944664	0.422222222222	0.415770609319	0.475862068966	0.587982832618	0.52380952381	0.510204081633	0.525	0.537037037037	0.411971830986	0.515837104072	0.369649805447	0.569288389513	0.354066985646	0.58024691358	0.487903225806	0.556561085973	0.49063670412	0.320463320463	0.65296803653	
0.397379912664	0.509433962264	0.478260869565	0.398230088496	1.0	0.563157894737	0.450980392157	0.446808510638	0.466063348416	0.362385321101	0.400943396226	0.356557377049	0.400862068966	0.36641221374	0.539568345324	0.991452991453	0.365957446809	0.424657534247	0.367149758454	0.389671361502	0.4140625	0.437229437229	0.39603960396	0.469026548673	0.489898989899	0.473451327434	0.342245989305	0.393203883495	0.406113537118	0.392857142857	0.576923076923	0.37323943662	0.352941176471	0.49696969697	0.528409090909	0.43347639485	0.424870466321	0.417085427136	0.378277153558	0.407114624506	0.472361809045	0.444444444444	0.288461538462	0.490066225166	0.407114624506	0.378504672897	0.438888888889	0.423580786026	0.417391304348	0.327510917031	0.360169491525	0.565934065934	0.397196261682	0.30081300813	0.564705882353	0.424870466321	0.469512195122	0.373271889401	0.328244274809	0.379310344828	0.587412587413	0.413580246914	0.431924882629	0.409090909091	0.363057324841	0.447674418605	0.362445414847	0.348416289593	0.520547945205	0.324817518248	0.428571428571	0.657894736842	0.387096774194	0.325991189427	0.429319371728	0.375661375661	0.375451263538	0.375	0.33971291866	0.240196078431	0.485436893204	0.407114624506	0.0172413793103	0.290322580645	0.572192513369	0.438356164384	0.3515625	0.371428571429	0.425925925926	0.521428571429	0.381165919283	0.462765957447	0.468571428571	0.503105590062	0.512048192771	0.411764705882	0.373983739837	0.550632911392	0.383561643836	0.491620111732	0.4375	0.41592920354	0.614285714286	0.388888888889	0.405797101449	0.537974683544	0.55	0.390243902439	0.386046511628	0.349137931034	0.361111111111	0.468085106383	0.448648648649	0.410256410256	0.466981132075	0.385281385281	0.538461538462	0.439814814815	0.409836065574	0.368421052632	0.395833333333	0.408866995074	0.368932038835	0.318725099602	0.396475770925	0.476470588235	0.531428571429	0.34	0.344594594595	0.428571428571	0.350710900474	0.382978723404	0.420814479638	0.526627218935	0.440414507772	
0.394927536232	0.596858638743	0.434042553191	0.395604395604	0.563157894737	1.0	0.494791666667	0.484581497797	0.440740740741	0.306859205776	0.397683397683	0.337837837838	0.382978723404	0.400662251656	0.460732984293	0.568421052632	0.354385964912	0.433460076046	0.343629343629	0.388461538462	0.43771043771	0.443636363636	0.339768339768	0.454212454212	0.475409836066	0.485074626866	0.300411522634	0.391304347826	0.402173913043	0.405405405405	0.51724137931	0.390374331551	0.331168831169	0.424657534247	0.439655172414	0.440433212996	0.376518218623	0.371541501976	0.415032679739	0.427118644068	0.712918660287	0.572093023256	0.272727272727	0.380952380952	0.576779026217	0.395348837209	0.42731277533	0.458955223881	0.498084291188	0.29020979021	0.383512544803	0.569506726457	0.36329588015	0.222826086957	0.52534562212	0.399176954733	0.561224489796	0.359550561798	0.313186813187	0.309012875536	0.46	0.406698564593	0.48	0.41958041958	0.468421052632	0.371179039301	0.295532646048	0.349442379182	0.551351351351	0.38961038961	0.353211009174	0.585	0.497326203209	0.297872340426	0.432203389831	0.419213973799	0.429487179487	0.360902255639	0.296992481203	0.256916996047	0.526748971193	0.570895522388	0.0110497237569	0.292682926829	0.951086956522	0.439393939394	0.307692307692	0.387543252595	0.486055776892	0.41116751269	0.376383763838	0.428571428571	0.4375	0.598958333333	0.497630331754	0.373540856031	0.380136986301	0.469194312796	0.383458646617	0.44347826087	0.409090909091	0.50390625	0.531578947368	0.399176954733	0.412698412698	0.45971563981	0.431472081218	0.40830449827	0.390804597701	0.369565217391	0.339552238806	0.515555555556	0.593301435407	0.43115942029	0.463035019455	0.441947565543	0.520833333333	0.435114503817	0.471223021583	0.344827586207	0.376033057851	0.365758754864	0.360784313725	0.306930693069	0.425373134328	0.504761904762	0.447826086957	0.35593220339	0.275362318841	0.346863468635	0.296296296296	0.348547717842	0.60593220339	0.502325581395	0.447257383966	
0.308016877637	0.56462585034	0.290640394089	0.248979591837	0.450980392157	0.494791666667	1.0	0.303482587065	0.292181069959	0.231759656652	0.25327510917	0.27380952381	0.346153846154	0.303370786517	0.378378378378	0.448051948052	0.269387755102	0.290598290598	0.293838862559	0.355450236967	0.303703703704	0.319672131148	0.253456221198	0.325102880658	0.4039408867	0.323770491803	0.242268041237	0.264840182648	0.368421052632	0.291666666667	0.331730769231	0.412213740458	0.25468164794	0.362068965517	0.308080808081	0.290836653386	0.345177664975	0.26511627907	0.301818181818	0.300751879699	0.422110552764	0.391534391534	0.335664335664	0.472602739726	0.373015873016	0.272321428571	0.310526315789	0.404444444444	0.344680851064	0.245762711864	0.264227642276	0.395939086294	0.267543859649	0.239669421488	0.347368421053	0.305418719212	0.366863905325	0.28	0.355371900826	0.229946524064	0.35625	0.327272727273	0.353211009174	0.287937743191	0.457142857143	0.342696629213	0.222672064777	0.309090909091	0.376623376623	0.283636363636	0.264367816092	0.5125	0.443661971831	0.248927038627	0.341836734694	0.381215469613	0.288194444444	0.258771929825	0.25	0.252577319588	0.37037037037	0.384	0.0188679245283	0.357142857143	0.494736842105	0.281512605042	0.393162393162	0.314516129032	0.336322869955	0.284810126582	0.252100840336	0.345177664975	0.273195876289	0.567567567568	0.338888888889	0.2466367713	0.306772908367	0.335227272727	0.257510729614	0.311224489796	0.291262135922	0.347826086957	0.542857142857	0.244131455399	0.294930875576	0.395209580838	0.31847133758	0.307086614173	0.252173913043	0.257261410788	0.229437229437	0.385416666667	0.323076923077	0.367521367521	0.314410480349	0.302521008403	0.387559808612	0.33185840708	0.3046875	0.271889400922	0.29648241206	0.266055045872	0.283018867925	0.278884462151	0.358407079646	0.309782608696	0.409836065574	0.221804511278	0.196202531646	0.244635193133	0.25	0.302083333333	0.345132743363	0.401129943503	0.294685990338	
0.451612903226	0.31455399061	0.659574468085	0.554585152838	0.446808510638	0.484581497797	0.303482587065	1.0	0.497942386831	0.471615720524	0.643902439024	0.4	0.393129770992	0.391608391608	0.443181818182	0.452127659574	0.510460251046	0.557522123894	0.481651376147	0.54128440367	0.511278195489	0.47619047619	0.533333333333	0.518367346939	0.587677725118	0.445736434109	0.469696969697	0.643216080402	0.448	0.464419475655	0.564593301435	0.236842105263	0.379928315412	0.621468926554	0.584615384615	0.564853556485	0.478873239437	0.555555555556	0.478260869565	0.472118959108	0.381742738589	0.31512605042	0.248704663212	0.331658291457	0.477611940299	0.529680365297	0.565445026178	0.424124513619	0.570815450644	0.470085470085	0.583333333333	0.658163265306	0.599056603774	0.162790697674	0.636363636364	0.567164179104	0.377450980392	0.543378995434	0.251461988304	0.450777202073	0.525714285714	0.325123152709	0.513157894737	0.48828125	0.233009708738	0.467005076142	0.454545454545	0.508928571429	0.47191011236	0.352348993289	0.508379888268	0.489795918367	0.275	0.508849557522	0.557213930348	0.304347826087	0.487632508834	0.597156398104	0.495327102804	0.268398268398	0.491379310345	0.477611940299	0.0128205128205	0.25	0.471365638767	0.570796460177	0.28313253012	0.429657794677	0.553571428571	0.58125	0.618604651163	0.4	0.614130434783	0.317757009346	0.598901098901	0.6	0.421052631579	0.656976744186	0.552036199095	0.615789473684	0.612244897959	0.558441558442	0.392670157068	0.640625	0.688775510204	0.387254901961	0.520710059172	0.480620155039	0.550458715596	0.548245614035	0.532110091743	0.429864253394	0.339130434783	0.497975708502	0.512931034483	0.525423728814	0.440677966102	0.45643153527	0.52380952381	0.545023696682	0.56345177665	0.55980861244	0.601990049751	0.44921875	0.439516129032	0.634831460674	0.446009389671	0.575630252101	0.298913043478	0.452991452991	0.497695852535	0.546391752577	0.506382978723	0.37962962963	0.630769230769	
0.654618473896	0.31746031746	0.589519650655	0.557251908397	0.466063348416	0.440740740741	0.292181069959	0.497942386831	1.0	0.479087452471	0.620833333333	0.59022556391	0.661354581673	0.601423487544	0.336244541485	0.470588235294	0.558490566038	0.748917748918	0.595744680851	0.570850202429	0.638989169675	0.630769230769	0.539094650206	0.70281124498	0.592592592593	0.603773584906	0.504385964912	0.599156118143	0.610894941634	0.659176029963	0.707207207207	0.226495726496	0.555160142349	0.493392070485	0.611607142857	0.697211155378	0.510288065844	0.654867256637	0.684981684982	0.677902621723	0.425925925926	0.35687732342	0.262931034483	0.309917355372	0.539518900344	0.573170731707	0.426829268293	0.559701492537	0.553903345725	0.55905511811	0.600775193798	0.564315352697	0.602459016393	0.150684931507	0.510548523207	0.542016806723	0.37037037037	0.5234375	0.214611872146	0.383333333333	0.456621004566	0.326446280992	0.569169960474	0.659003831418	0.224	0.522321428571	0.524528301887	0.541501976285	0.365217391304	0.467741935484	0.376068376068	0.476394849785	0.25306122449	0.5	0.559829059829	0.333333333333	0.625429553265	0.581300813008	0.518367346939	0.332046332046	0.611336032389	0.550173010381	0.00961538461538	0.242553191489	0.42962962963	0.615079365079	0.204545454545	0.685039370079	0.498127340824	0.42523364486	0.632653061224	0.497959183673	0.517391304348	0.314960629921	0.484848484848	0.55737704918	0.666666666667	0.497777777778	0.56746031746	0.514767932489	0.6	0.543071161049	0.364806866953	0.595652173913	0.602510460251	0.395833333333	0.385650224215	0.715415019763	0.666666666667	0.613545816733	0.537848605578	0.443137254902	0.400778210117	0.623076923077	0.651639344262	0.634920634921	0.606557377049	0.612	0.68992248062	0.524193548387	0.525423728814	0.575	0.551867219917	0.46875	0.56106870229	0.472103004292	0.531914893617	0.564102564103	0.24358974359	0.549407114625	0.557851239669	0.543859649123	0.460431654676	0.452282157676	0.587982832618	
0.50390625	0.244897959184	0.57476635514	0.561475409836	0.362385321101	0.306859205776	0.231759656652	0.471615720524	0.479087452471	1.0	0.645454545455	0.55905511811	0.505791505792	0.479020979021	0.354368932039	0.360730593607	0.663793103448	0.551440329218	0.618604651163	0.604444444444	0.581481481481	0.526923076923	0.726368159204	0.538759689922	0.469387755102	0.501886792453	0.564356435644	0.53711790393	0.51171875	0.563909774436	0.504273504274	0.160714285714	0.501831501832	0.55223880597	0.525114155251	0.540540540541	0.626794258373	0.563063063063	0.493103448276	0.542124542125	0.243055555556	0.229090909091	0.24882629108	0.260869565217	0.408026755853	0.531914893617	0.446428571429	0.503846153846	0.46992481203	0.604347826087	0.656652360515	0.476793248945	0.654545454545	0.136363636364	0.451754385965	0.603773584906	0.228915662651	0.635135135135	0.160194174757	0.349557522124	0.452736318408	0.251063829787	0.528925619835	0.555555555556	0.148148148148	0.52427184466	0.769953051643	0.620535714286	0.258771929825	0.501754385965	0.391509433962	0.402654867257	0.171548117155	0.671232876712	0.529411764706	0.365546218487	0.506756756757	0.5670995671	0.699507389163	0.364806866953	0.478087649402	0.417508417508	0.0110497237569	0.25	0.296028880866	0.617021276596	0.172413793103	0.501872659176	0.45703125	0.455497382199	0.635964912281	0.376518218623	0.412280701754	0.242914979757	0.476635514019	0.611872146119	0.414035087719	0.455399061033	0.665158371041	0.544186046512	0.571428571429	0.463878326996	0.270742358079	0.596244131455	0.633027522936	0.350877192982	0.446153846154	0.518656716418	0.53813559322	0.555555555556	0.68544600939	0.33203125	0.21978021978	0.573705179283	0.516129032258	0.431226765799	0.39846743295	0.528455284553	0.526119402985	0.595454545455	0.608695652174	0.663507109005	0.577272727273	0.685106382979	0.521912350598	0.404444444444	0.393305439331	0.515151515152	0.32	0.546610169492	0.650943396226	0.5625	0.388278388278	0.318367346939	0.538116591928	
0.590909090909	0.281512605042	0.668316831683	0.567901234568	0.400943396226	0.397683397683	0.25327510917	0.643902439024	0.620833333333	0.645454545455	1.0	0.565217391304	0.5234375	0.555147058824	0.360975609756	0.405660377358	0.678260869565	0.698198198198	0.722772277228	0.727272727273	0.674509803922	0.627049180328	0.717821782178	0.703862660944	0.545064377682	0.548638132296	0.604060913706	0.76	0.55421686747	0.6	0.692307692308	0.192660550459	0.490909090909	0.575757575758	0.661691542289	0.705128205128	0.674876847291	0.717821782178	0.603703703704	0.670634920635	0.335820895522	0.275471698113	0.237209302326	0.288888888889	0.482394366197	0.621621621622	0.44	0.582995951417	0.629166666667	0.669683257919	0.778801843318	0.598173515982	0.75845410628	0.136363636364	0.539534883721	0.634615384615	0.31330472103	0.76213592233	0.207070707071	0.367713004484	0.489795918367	0.278260869565	0.666666666667	0.677685950413	0.187234042553	0.531707317073	0.683035714286	0.753623188406	0.366666666667	0.507042253521	0.404761904762	0.454128440367	0.233480176211	0.718309859155	0.673267326733	0.315789473684	0.645756457565	0.707547169811	0.691176470588	0.370689655172	0.545833333333	0.492907801418	0.0110497237569	0.238317757009	0.380769230769	0.784037558685	0.214285714286	0.59126984127	0.516260162602	0.486631016043	0.893401015228	0.36546184739	0.511737089202	0.279166666667	0.541463414634	0.71359223301	0.520754716981	0.557788944724	0.695852534562	0.566037735849	0.748717948718	0.604166666667	0.328767123288	0.734693877551	0.816326530612	0.356828193833	0.438775510204	0.608695652174	0.65	0.650655021834	0.701421800948	0.375	0.295719844358	0.58	0.566666666667	0.546184738956	0.437007874016	0.613733905579	0.690082644628	0.663507109005	0.65671641791	0.772727272727	0.743718592965	0.636363636364	0.591666666667	0.526570048309	0.429184549356	0.673640167364	0.275362318841	0.580086580087	0.732673267327	0.683937823834	0.414179104478	0.329218106996	0.673170731707	
0.649606299213	0.255555555556	0.410646387833	0.482142857143	0.356557377049	0.337837837838	0.27380952381	0.4	0.59022556391	0.55905511811	0.565217391304	1.0	0.637065637066	0.686346863469	0.320675105485	0.355102040816	0.596958174905	0.611764705882	0.598326359833	0.592741935484	0.617543859649	0.710317460317	0.574380165289	0.690196078431	0.503816793893	0.576642335766	0.489361702128	0.496124031008	0.570895522388	0.590106007067	0.537848605578	0.1484375	0.632352941176	0.491379310345	0.4375	0.738955823293	0.551867219917	0.511904761905	0.644366197183	0.648550724638	0.333333333333	0.300699300699	0.234567901235	0.246153846154	0.496710526316	0.470149253731	0.415019762846	0.615969581749	0.440677966102	0.538167938931	0.494661921708	0.476923076923	0.579365079365	0.121212121212	0.409266409266	0.438461538462	0.263940520446	0.538759689922	0.147058823529	0.366935483871	0.33606557377	0.312	0.501858736059	0.623616236162	0.150735294118	0.474576271186	0.505494505495	0.556862745098	0.25390625	0.490322580645	0.331983805668	0.38188976378	0.189393939394	0.574803149606	0.458823529412	0.319852941176	0.684210526316	0.505703422053	0.612765957447	0.343511450382	0.478102189781	0.506622516556	0.0093023255814	0.245833333333	0.327702702703	0.539033457249	0.147679324895	0.69921875	0.490842490842	0.350649350649	0.524344569288	0.558333333333	0.358778625954	0.253676470588	0.330798479087	0.449438202247	0.600732600733	0.34375	0.483394833948	0.435294117647	0.453488372093	0.396666666667	0.254826254826	0.466666666667	0.517509727626	0.425	0.327731092437	0.696153846154	0.521072796935	0.548872180451	0.59756097561	0.420454545455	0.296819787986	0.583025830258	0.576923076923	0.439862542955	0.51711026616	0.65991902834	0.665413533835	0.50390625	0.462151394422	0.590909090909	0.5	0.60447761194	0.657370517928	0.335877862595	0.522821576763	0.471186440678	0.252100840336	0.51711026616	0.548387096774	0.489626556017	0.424137931034	0.367816091954	0.391143911439	
0.638888888889	0.295719844358	0.465863453815	0.460714285714	0.400862068966	0.382978723404	0.346153846154	0.393129770992	0.661354581673	0.505791505792	0.5234375	0.637065637066	1.0	0.658088235294	0.323275862069	0.399141630901	0.562264150943	0.626506024096	0.634782608696	0.614107883817	0.642599277978	0.640926640927	0.518218623482	0.640926640927	0.558232931727	0.532374100719	0.54954954955	0.496062992126	0.751054852321	0.56338028169	0.551020408163	0.210084033613	0.536842105263	0.478260869565	0.465587044534	0.63601532567	0.579399141631	0.524390243902	0.664259927798	0.632727272727	0.383512544803	0.355555555556	0.261802575107	0.282258064516	0.516891891892	0.469696969697	0.364341085271	0.63671875	0.480565371025	0.620408163265	0.550561797753	0.494071146245	0.568	0.124444444444	0.391472868217	0.526970954357	0.325396825397	0.52734375	0.171052631579	0.342741935484	0.379310344828	0.336099585062	0.560784313725	0.637735849057	0.208661417323	0.52	0.545801526718	0.564	0.301652892562	0.429467084639	0.323770491803	0.4375	0.232	0.576	0.51867219917	0.307407407407	0.59595959596	0.529411764706	0.547717842324	0.325670498084	0.528735632184	0.527210884354	0.00956937799043	0.262931034483	0.377224199288	0.52808988764	0.182222222222	0.722891566265	0.421985815603	0.342105263158	0.530534351145	0.483870967742	0.411290322581	0.293436293436	0.392712550607	0.454198473282	0.651340996169	0.373983739837	0.523076923077	0.422924901186	0.50612244898	0.444055944056	0.29674796748	0.48987854251	0.573770491803	0.394190871369	0.359649122807	0.712598425197	0.503846153846	0.567567567568	0.488461538462	0.419230769231	0.357142857143	0.692	0.616	0.523985239852	0.59756097561	0.704641350211	0.624535315985	0.48046875	0.516806722689	0.540650406504	0.530612244898	0.564575645756	0.646586345382	0.376	0.569565217391	0.480968858131	0.216666666667	0.529182879377	0.561983471074	0.555066079295	0.37037037037	0.45643153527	0.466403162055	
0.7421875	0.321299638989	0.436823104693	0.439739413681	0.36641221374	0.400662251656	0.303370786517	0.391608391608	0.601423487544	0.479020979021	0.555147058824	0.686346863469	0.658088235294	1.0	0.2734082397	0.365019011407	0.573943661972	0.610294117647	0.603921568627	0.592452830189	0.632107023411	0.728301886792	0.522388059701	0.629893238434	0.542124542125	0.504918032787	0.526315789474	0.485611510791	0.6	0.574257425743	0.512820512821	0.215909090909	0.618556701031	0.445736434109	0.425992779783	0.678832116788	0.560311284047	0.5	0.657718120805	0.673611111111	0.420338983051	0.440433212996	0.252873563218	0.26714801444	0.585526315789	0.412751677852	0.327586206897	0.643636363636	0.496688741722	0.557971014493	0.485049833887	0.489130434783	0.517857142857	0.1171875	0.365853658537	0.447653429603	0.306049822064	0.536231884058	0.153846153846	0.335766423358	0.327067669173	0.309963099631	0.496527777778	0.673835125448	0.218637992832	0.476377952756	0.47972972973	0.57037037037	0.270072992701	0.481818181818	0.304029304029	0.4	0.258302583026	0.525	0.477777777778	0.321917808219	0.662295081967	0.538181818182	0.509293680297	0.368231046931	0.548387096774	0.596026490066	0.00826446280992	0.263565891473	0.390728476821	0.536585365854	0.163424124514	0.811764705882	0.409090909091	0.313953488372	0.533568904594	0.496268656716	0.397810218978	0.318996415771	0.336879432624	0.473309608541	0.718518518519	0.35401459854	0.439597315436	0.374125874126	0.467153284672	0.457516339869	0.284671532847	0.479704797048	0.505415162455	0.376865671642	0.309160305344	0.793103448276	0.452054794521	0.498293515358	0.453287197232	0.400696864111	0.42238267148	0.646209386282	0.606617647059	0.491638795987	0.625954198473	0.667938931298	0.740740740741	0.450704225352	0.470149253731	0.525925925926	0.516728624535	0.528428093645	0.710424710425	0.365942028986	0.5390625	0.521452145215	0.186131386861	0.479166666667	0.539325842697	0.490347490347	0.423948220065	0.438202247191	0.422535211268	
0.307359307359	0.378881987578	0.411111111111	0.405660377358	0.539568345324	0.460732984293	0.378378378378	0.443181818182	0.336244541485	0.354368932039	0.360975609756	0.320675105485	0.323275862069	0.2734082397	1.0	0.535714285714	0.371040723982	0.342465753425	0.380208333333	0.39	0.307984790875	0.330508474576	0.353846153846	0.324894514768	0.406091370558	0.363636363636	0.370588235294	0.39378238342	0.339207048458	0.332	0.408376963351	0.301470588235	0.297619047619	0.43125	0.442528735632	0.316666666667	0.412087912088	0.411764705882	0.335877862595	0.290076335878	0.447368421053	0.408839779006	0.211920529801	0.31847133758	0.346613545817	0.413265306122	0.535031847134	0.362831858407	0.356828193833	0.324074074074	0.340707964602	0.435483870968	0.391089108911	0.224137931034	0.579617834395	0.443820224719	0.438709677419	0.372549019608	0.322033898305	0.432258064516	0.536764705882	0.507142857143	0.406862745098	0.29718875502	0.306666666667	0.39156626506	0.300884955752	0.365853658537	0.581395348837	0.263736263736	0.422818791946	0.519480519481	0.349315068493	0.354066985646	0.457142857143	0.382857142857	0.296428571429	0.374384236453	0.386243386243	0.169154228856	0.377990430622	0.346613545817	0.0204081632653	0.221476510067	0.460317460317	0.394366197183	0.435185185185	0.297959183673	0.45	0.477272727273	0.342592592593	0.381720430108	0.414201183432	0.374233128834	0.484076433121	0.35	0.290322580645	0.474025974026	0.410891089109	0.5	0.402173913043	0.37899543379	0.395973154362	0.396739130435	0.392857142857	0.52027027027	0.592	0.301204819277	0.421319796954	0.378504672897	0.38	0.474285714286	0.404494382022	0.327659574468	0.31981981982	0.354260089686	0.39603960396	0.344036697248	0.309236947791	0.433155080214	0.420454545455	0.353535353535	0.375	0.354978354978	0.334821428571	0.45625	0.388888888889	0.304526748971	0.483606557377	0.389162561576	0.335	0.423529411765	0.416267942584	0.44578313253	0.420765027322	
0.395652173913	0.51572327044	0.483695652174	0.402654867257	0.991452991453	0.568421052632	0.448051948052	0.452127659574	0.470588235294	0.360730593607	0.405660377358	0.355102040816	0.399141630901	0.365019011407	0.535714285714	1.0	0.364406779661	0.429223744292	0.365384615385	0.38785046729	0.41796875	0.435344827586	0.394088669951	0.473451327434	0.48743718593	0.477876106195	0.340425531915	0.391304347826	0.404347826087	0.391304347826	0.582417582418	0.380281690141	0.3515625	0.493975903614	0.534090909091	0.437768240343	0.422680412371	0.415	0.38202247191	0.411067193676	0.477386934673	0.449735449735	0.286624203822	0.496688741722	0.411067193676	0.383177570093	0.436464088398	0.421739130435	0.421739130435	0.326086956522	0.364406779661	0.571428571429	0.401869158879	0.298387096774	0.570588235294	0.422680412371	0.475609756098	0.371559633028	0.335877862595	0.377142857143	0.583333333333	0.411042944785	0.43661971831	0.407407407407	0.369426751592	0.445086705202	0.360869565217	0.346846846847	0.527397260274	0.323636363636	0.425925925926	0.653594771242	0.393548387097	0.324561403509	0.427083333333	0.380952380952	0.379061371841	0.373271889401	0.338095238095	0.239024390244	0.48309178744	0.411067193676	0.017094017094	0.288461538462	0.577540106952	0.442922374429	0.348837209302	0.369918699187	0.430555555556	0.528571428571	0.385650224215	0.460317460317	0.474285714286	0.509316770186	0.518072289157	0.416666666667	0.372469635628	0.556962025316	0.388127853881	0.497206703911	0.442708333333	0.420353982301	0.621428571429	0.393939393939	0.403846153846	0.534591194969	0.54609929078	0.388663967611	0.390697674419	0.353448275862	0.359447004608	0.473404255319	0.454054054054	0.408510638298	0.471698113208	0.38961038961	0.535714285714	0.437788018433	0.41393442623	0.366666666667	0.39378238342	0.406862745098	0.367149758454	0.31746031746	0.394736842105	0.482352941176	0.528409090909	0.344	0.342281879195	0.42654028436	0.349056603774	0.380952380952	0.425339366516	0.523529411765	0.445595854922	
0.526119402985	0.27519379845	0.576419213974	0.594488188976	0.365957446809	0.354385964912	0.269387755102	0.510460251046	0.558490566038	0.663793103448	0.678260869565	0.596958174905	0.562264150943	0.573943661972	0.371040723982	0.364406779661	1.0	0.560311284047	0.722222222222	0.659482758621	0.565972222222	0.570895522388	0.671171171171	0.600760456274	0.620253164557	0.574626865672	0.596244131455	0.579831932773	0.489130434783	0.58844765343	0.560165975104	0.178423236515	0.522807017544	0.555555555556	0.577092511013	0.626923076923	0.677419354839	0.648888888889	0.581314878893	0.589285714286	0.286195286195	0.252595155709	0.260869565217	0.281632653061	0.417197452229	0.511811023622	0.456066945607	0.554307116105	0.498194945848	0.658227848101	0.620553359684	0.558333333333	0.686956521739	0.142201834862	0.473029045643	0.516666666667	0.274131274131	0.605809128631	0.174107142857	0.412017167382	0.436363636364	0.266932270916	0.569721115538	0.610486891386	0.178988326848	0.488986784141	0.597609561753	0.653846153846	0.290456431535	0.558620689655	0.386956521739	0.438818565401	0.211155378486	0.638655462185	0.608888888889	0.379446640316	0.556291390728	0.678260869565	0.684931506849	0.413223140496	0.490566037736	0.426282051282	0.00975609756098	0.273127753304	0.343859649123	0.669421487603	0.201834862385	0.585820895522	0.521072796935	0.417840375587	0.668067226891	0.37358490566	0.517543859649	0.273076923077	0.422594142259	0.618025751073	0.514184397163	0.477876106195	0.6	0.575221238938	0.607929515419	0.503676470588	0.307053941909	0.59649122807	0.704035874439	0.377593360996	0.429906542056	0.614232209738	0.6125	0.675	0.694690265487	0.377358490566	0.257042253521	0.523636363636	0.509433962264	0.476534296029	0.456928838951	0.56862745098	0.56884057971	0.637554585153	0.532188841202	0.674107142857	0.599137931034	0.666666666667	0.543726235741	0.471861471861	0.422310756972	0.65625	0.303167420814	0.620833333333	0.654867256637	0.572072072072	0.384879725086	0.329501915709	0.51652892562	
0.739130434783	0.30081300813	0.585585585586	0.494339622642	0.424657534247	0.433460076046	0.290598290598	0.557522123894	0.748917748918	0.551440329218	0.698198198198	0.611764705882	0.626506024096	0.610294117647	0.342465753425	0.429223744292	0.560311284047	1.0	0.627802690583	0.656387665198	0.740157480315	0.716666666667	0.616071428571	0.760683760684	0.518218623482	0.600775193798	0.583732057416	0.609649122807	0.634146341463	0.690196078431	0.668181818182	0.233183856502	0.585820895522	0.506912442396	0.565022421525	0.754237288136	0.599099099099	0.601769911504	0.75	0.723320158103	0.434615384615	0.373540856031	0.260089686099	0.297872340426	0.579710144928	0.55601659751	0.430379746835	0.670781893004	0.567567567568	0.573770491803	0.663900414938	0.580086580087	0.691964285714	0.121495327103	0.497835497835	0.584821428571	0.395652173913	0.608510638298	0.227053140097	0.333333333333	0.427906976744	0.355263157895	0.673913043478	0.761506276151	0.230125523013	0.53738317757	0.58064516129	0.622317596567	0.404651162791	0.486577181208	0.390134529148	0.449781659389	0.266094420601	0.594142259414	0.575892857143	0.349206349206	0.71375464684	0.577405857741	0.5859030837	0.37037037037	0.615062761506	0.591240875912	0.0102040816327	0.238938053097	0.422053231939	0.68085106383	0.216346153846	0.711934156379	0.469696969697	0.450495049505	0.694323144105	0.485355648536	0.497777777778	0.298387096774	0.504545454545	0.621145374449	0.589353612167	0.490825688073	0.589211618257	0.528634361233	0.618181818182	0.550387596899	0.36	0.740196078431	0.671171171171	0.398268398268	0.400943396226	0.722448979592	0.588235294118	0.630705394191	0.605150214592	0.483333333333	0.403225806452	0.680327868852	0.714912280702	0.632653061224	0.532258064516	0.707423580786	0.781512605042	0.584415584416	0.574660633484	0.626666666667	0.573913043478	0.522222222222	0.696581196581	0.511415525114	0.526315789474	0.602316602317	0.256756756757	0.544715447154	0.622222222222	0.581395348837	0.481203007519	0.450643776824	0.612612612613	
0.627192982456	0.265217391304	0.538095238095	0.504098360656	0.367149758454	0.343629343629	0.293838862559	0.481651376147	0.595744680851	0.618604651163	0.722772277228	0.598326359833	0.634782608696	0.603921568627	0.380208333333	0.365384615385	0.722222222222	0.627802690583	1.0	0.788659793814	0.546816479401	0.602510460251	0.690355329949	0.589211618257	0.572727272727	0.454545454545	0.735632183908	0.609523809524	0.554166666667	0.522727272727	0.594339622642	0.154929577465	0.494339622642	0.57671957672	0.584158415842	0.597510373444	0.762162162162	0.681818181818	0.599236641221	0.583657587549	0.293233082707	0.255813953488	0.279187817259	0.243243243243	0.43816254417	0.551569506726	0.409090909091	0.611111111111	0.490118577075	0.775	0.624454148472	0.534246575342	0.707317073171	0.122340425532	0.427927927928	0.582524271845	0.275109170306	0.694174757282	0.165803108808	0.419512195122	0.432989690722	0.290322580645	0.618181818182	0.606557377049	0.162280701754	0.570680628272	0.642533936652	0.745	0.293838862559	0.483870967742	0.412060301508	0.422535211268	0.209090909091	0.692307692308	0.65306122449	0.317796610169	0.531914893617	0.673076923077	0.751322751323	0.388127853881	0.506329113924	0.448398576512	0.0119760479042	0.280612244898	0.337209302326	0.694444444444	0.204301075269	0.689956331878	0.453441295547	0.44262295082	0.68544600939	0.405172413793	0.487922705314	0.262931034483	0.417840375587	0.60663507109	0.568548387097	0.429951690821	0.587443946188	0.479069767442	0.618811881188	0.508130081301	0.300469483568	0.638190954774	0.701492537313	0.336363636364	0.410526315789	0.658227848101	0.615740740741	0.669724770642	0.635071090047	0.302788844622	0.260869565217	0.555102040816	0.547008547009	0.502024291498	0.474789915966	0.638009049774	0.592741935484	0.620192307692	0.635897435897	0.710659898477	0.65671641791	0.625531914894	0.635555555556	0.466019417476	0.45	0.621848739496	0.243781094527	0.602739726027	0.740932642487	0.699453551913	0.346863468635	0.337662337662	0.544600938967	
0.676855895197	0.299145299145	0.570093457944	0.496062992126	0.389671361502	0.388461538462	0.355450236967	0.54128440367	0.570850202429	0.604444444444	0.727272727273	0.592741935484	0.614107883817	0.592452830189	0.39	0.38785046729	0.659482758621	0.656387665198	0.788659793814	1.0	0.638461538462	0.663865546218	0.696078431373	0.622950819672	0.617117117117	0.498113207547	0.632124352332	0.663507109005	0.628691983122	0.590038314176	0.581081081081	0.199074074074	0.549242424242	0.570707070707	0.578199052133	0.631147540984	0.793650793651	0.671497584541	0.60594795539	0.627906976744	0.332089552239	0.306201550388	0.305418719212	0.295964125561	0.521739130435	0.56768558952	0.429203539823	0.695652173913	0.598360655738	0.695852534562	0.659482758621	0.565022421525	0.745192307692	0.12	0.453744493392	0.629807692308	0.303418803419	0.740384615385	0.195979899497	0.394495412844	0.426470588235	0.331818181818	0.654708520179	0.65306122449	0.208695652174	0.572864321608	0.634782608696	0.837563451777	0.324074074074	0.514184397163	0.4	0.456221198157	0.24	0.738095238095	0.685	0.367088607595	0.624087591241	0.671296296296	0.71144278607	0.421524663677	0.574468085106	0.532846715328	0.0111111111111	0.306930693069	0.382239382239	0.691964285714	0.209183673469	0.646090534979	0.425287356322	0.427835051546	0.738317757009	0.418410041841	0.433035714286	0.296610169492	0.425339366516	0.637209302326	0.552123552124	0.478468899522	0.62389380531	0.484304932735	0.658536585366	0.593360995851	0.336405529954	0.629807692308	0.706730769231	0.358407079646	0.405	0.657142857143	0.560344827586	0.632034632035	0.627272727273	0.354581673307	0.296875	0.669491525424	0.5625	0.529880478088	0.473684210526	0.651982378855	0.651821862348	0.627906976744	0.643564356436	0.699029126214	0.704433497537	0.666666666667	0.65652173913	0.478873239437	0.475555555556	0.621951219512	0.24644549763	0.548936170213	0.745	0.751351351351	0.389705882353	0.364406779661	0.590697674419	
